Line,43,63,496,337,0,0,0
Line,43,63,496,337,0,0,0
Line,132,339,469,130,0,0,0
Line,296,119,296,119,0,0,0
Line,296,119,296,119,0,0,0
Line,296,119,296,119,0,0,0
Line,296,119,296,119,0,0,0
Line,296,119,295,119,0,0,0
Line,295,119,294,119,0,0,0
Line,294,119,293,119,0,0,0
Line,293,119,290,119,0,0,0
Line,290,119,288,119,0,0,0
Line,288,119,286,119,0,0,0
Line,286,119,282,119,0,0,0
Line,282,119,278,119,0,0,0
Line,278,119,276,119,0,0,0
Line,276,119,273,119,0,0,0
Line,273,119,271,119,0,0,0
Line,271,119,269,119,0,0,0
Line,269,119,266,119,0,0,0
Line,266,119,264,119,0,0,0
Line,264,119,262,119,0,0,0
Line,262,119,259,119,0,0,0
Line,259,119,254,119,0,0,0
Line,254,119,251,119,0,0,0
Line,251,119,248,119,0,0,0
Line,248,119,244,119,0,0,0
Line,244,119,241,119,0,0,0
Line,241,119,239,119,0,0,0
Line,239,119,235,119,0,0,0
Line,235,119,232,119,0,0,0
Line,232,119,230,119,0,0,0
Line,230,119,227,119,0,0,0
Line,227,119,224,119,0,0,0
Line,224,119,222,119,0,0,0
Line,222,119,219,119,0,0,0
Line,219,119,212,119,0,0,0
Line,212,119,208,119,0,0,0
Line,208,119,203,119,0,0,0
Line,203,119,197,119,0,0,0
Line,197,119,193,120,0,0,0
Line,193,120,191,120,0,0,0
Line,191,120,189,122,0,0,0
Line,189,122,186,123,0,0,0
Line,186,123,183,124,0,0,0
Line,183,124,180,124,0,0,0
Line,180,124,175,127,0,0,0
Line,175,127,173,128,0,0,0
Line,173,128,170,129,0,0,0
Line,170,129,168,131,0,0,0
Line,168,131,165,132,0,0,0
Line,165,132,163,133,0,0,0
Line,163,133,161,135,0,0,0
Line,161,135,158,136,0,0,0
Line,158,136,156,137,0,0,0
Line,156,137,153,139,0,0,0
Line,153,139,151,140,0,0,0
Line,151,140,148,141,0,0,0
Line,148,141,146,143,0,0,0
Line,146,143,144,144,0,0,0
Line,144,144,140,146,0,0,0
Line,140,146,138,147,0,0,0
Line,138,147,136,148,0,0,0
Line,136,148,132,151,0,0,0
Line,132,151,127,154,0,0,0
Line,127,154,124,156,0,0,0
Line,124,156,123,157,0,0,0
Line,123,157,121,158,0,0,0
Line,121,158,120,159,0,0,0
Line,120,159,119,161,0,0,0
Line,119,161,117,163,0,0,0
Line,117,163,115,165,0,0,0
Line,115,165,115,165,0,0,0
Line,115,165,113,167,0,0,0
Line,113,167,111,170,0,0,0
Line,111,170,110,171,0,0,0
Line,110,171,108,173,0,0,0
Line,108,173,107,174,0,0,0
Line,107,174,106,176,0,0,0
Line,106,176,105,178,0,0,0
Line,105,178,104,180,0,0,0
Line,104,180,103,181,0,0,0
Line,103,181,103,182,0,0,0
Line,103,182,101,184,0,0,0
Line,101,184,99,187,0,0,0
Line,99,187,98,190,0,0,0
Line,98,190,97,191,0,0,0
Line,97,191,96,193,0,0,0
Line,96,193,95,197,0,0,0
Line,95,197,94,200,0,0,0
Line,94,200,93,203,0,0,0
Line,93,203,93,205,0,0,0
Line,93,205,93,207,0,0,0
Line,93,207,92,208,0,0,0
Line,92,208,92,210,0,0,0
Line,92,210,92,212,0,0,0
Line,92,212,92,215,0,0,0
Line,92,215,92,217,0,0,0
Line,92,217,92,218,0,0,0
Line,92,218,92,220,0,0,0
Line,92,220,92,222,0,0,0
Line,92,222,92,224,0,0,0
Line,92,224,92,226,0,0,0
Line,92,226,92,228,0,0,0
Line,92,228,92,230,0,0,0
Line,92,230,93,235,0,0,0
Line,93,235,94,238,0,0,0
Line,94,238,95,241,0,0,0
Line,95,241,96,243,0,0,0
Line,96,243,98,245,0,0,0
Line,98,245,99,248,0,0,0
Line,99,248,101,252,0,0,0
Line,101,252,102,254,0,0,0
Line,102,254,105,258,0,0,0
Line,105,258,108,264,0,0,0
Line,108,264,111,269,0,0,0
Line,111,269,115,274,0,0,0
Line,115,274,117,277,0,0,0
Line,117,277,119,280,0,0,0
Line,119,280,122,283,0,0,0
Line,122,283,124,286,0,0,0
Line,124,286,127,289,0,0,0
Line,127,289,131,292,0,0,0
Line,131,292,135,295,0,0,0
Line,135,295,138,297,0,0,0
Line,138,297,142,299,0,0,0
Line,142,299,146,302,0,0,0
Line,146,302,150,304,0,0,0
Line,150,304,154,307,0,0,0
Line,154,307,158,309,0,0,0
Line,158,309,162,312,0,0,0
Line,162,312,166,314,0,0,0
Line,166,314,171,317,0,0,0
Line,171,317,176,320,0,0,0
Line,176,320,184,323,0,0,0
Line,184,323,192,327,0,0,0
Line,192,327,196,329,0,0,0
Line,196,329,202,331,0,0,0
Line,202,331,207,333,0,0,0
Line,207,333,215,335,0,0,0
Line,215,335,225,338,0,0,0
Line,225,338,235,341,0,0,0
Line,235,341,244,343,0,0,0
Line,244,343,249,343,0,0,0
Line,249,343,255,343,0,0,0
Line,255,343,260,344,0,0,0
Line,260,344,269,344,0,0,0
Line,269,344,279,345,0,0,0
Line,279,345,284,345,0,0,0
Line,284,345,287,345,0,0,0
Line,287,345,293,345,0,0,0
Line,293,345,300,345,0,0,0
Line,300,345,306,345,0,0,0
Line,306,345,312,345,0,0,0
Line,312,345,333,343,0,0,0
Line,333,343,341,342,0,0,0
Line,341,342,348,340,0,0,0
Line,348,340,356,339,0,0,0
Line,356,339,363,337,0,0,0
Line,363,337,367,336,0,0,0
Line,367,336,370,336,0,0,0
Line,370,336,377,334,0,0,0
Line,377,334,387,332,0,0,0
Line,387,332,392,330,0,0,0
Line,392,330,401,328,0,0,0
Line,401,328,413,325,0,0,0
Line,413,325,422,323,0,0,0
Line,422,323,428,321,0,0,0
Line,428,321,434,319,0,0,0
Line,434,319,439,318,0,0,0
Line,439,318,444,316,0,0,0
Line,444,316,449,314,0,0,0
Line,449,314,454,313,0,0,0
Line,454,313,458,311,0,0,0
Line,458,311,462,310,0,0,0
Line,462,310,465,308,0,0,0
Line,465,308,469,307,0,0,0
Line,469,307,472,305,0,0,0
Line,472,305,475,304,0,0,0
Line,475,304,480,300,0,0,0
Line,480,300,483,298,0,0,0
Line,483,298,485,296,0,0,0
Line,485,296,486,293,0,0,0
Line,486,293,488,291,0,0,0
Line,488,291,490,288,0,0,0
Line,490,288,492,285,0,0,0
Line,492,285,493,282,0,0,0
Line,493,282,495,278,0,0,0
Line,495,278,498,272,0,0,0
Line,498,272,500,268,0,0,0
Line,500,268,502,261,0,0,0
Line,502,261,504,252,0,0,0
Line,504,252,505,243,0,0,0
Line,505,243,506,236,0,0,0
Line,506,236,507,232,0,0,0
Line,507,232,507,227,0,0,0
Line,507,227,507,223,0,0,0
Line,507,223,507,219,0,0,0
Line,507,219,507,216,0,0,0
Line,507,216,507,213,0,0,0
Line,507,213,507,210,0,0,0
Line,507,210,506,206,0,0,0
Line,506,206,505,203,0,0,0
Line,505,203,503,201,0,0,0
Line,503,201,501,198,0,0,0
Line,501,198,499,196,0,0,0
Line,499,196,497,193,0,0,0
Line,497,193,495,191,0,0,0
Line,495,191,493,188,0,0,0
Line,493,188,491,187,0,0,0
Line,491,187,489,185,0,0,0
Line,489,185,487,183,0,0,0
Line,487,183,485,182,0,0,0
Line,485,182,482,180,0,0,0
Line,482,180,478,177,0,0,0
Line,478,177,475,176,0,0,0
Line,475,176,472,174,0,0,0
Line,472,174,466,173,0,0,0
Line,466,173,461,171,0,0,0
Line,461,171,456,170,0,0,0
Line,456,170,453,169,0,0,0
Line,453,169,450,168,0,0,0
Line,450,168,447,168,0,0,0
Line,447,168,444,167,0,0,0
Line,444,167,442,167,0,0,0
Line,442,167,438,167,0,0,0
Line,438,167,435,166,0,0,0
Line,435,166,431,166,0,0,0
Line,431,166,427,165,0,0,0
Line,427,165,423,165,0,0,0
Line,423,165,419,165,0,0,0
Line,419,165,415,165,0,0,0
Line,415,165,410,165,0,0,0
Line,410,165,406,165,0,0,0
Line,406,165,401,165,0,0,0
Line,401,165,397,165,0,0,0
Line,397,165,392,165,0,0,0
Line,392,165,388,165,0,0,0
Line,388,165,384,165,0,0,0
Line,384,165,380,165,0,0,0
Line,380,165,370,165,0,0,0
Line,370,165,364,166,0,0,0
Line,364,166,359,167,0,0,0
Line,359,167,353,169,0,0,0
Line,353,169,344,171,0,0,0
Line,344,171,335,174,0,0,0
Line,335,174,329,176,0,0,0
Line,329,176,326,177,0,0,0
Line,326,177,322,178,0,0,0
Line,322,178,319,179,0,0,0
Line,319,179,313,182,0,0,0
Line,313,182,310,184,0,0,0
Line,310,184,308,185,0,0,0
Line,308,185,305,186,0,0,0
Line,305,186,302,188,0,0,0
Line,302,188,300,189,0,0,0
Line,300,189,298,190,0,0,0
Line,298,190,296,192,0,0,0
Line,296,192,294,193,0,0,0
Line,294,193,292,195,0,0,0
Line,292,195,289,197,0,0,0
Line,289,197,287,199,0,0,0
Line,287,199,285,201,0,0,0
Line,285,201,281,205,0,0,0
Line,281,205,279,208,0,0,0
Line,279,208,276,211,0,0,0
Line,276,211,274,214,0,0,0
Line,274,214,272,217,0,0,0
Line,272,217,271,220,0,0,0
Line,271,220,270,223,0,0,0
Line,270,223,269,225,0,0,0
Line,269,225,268,227,0,0,0
Line,268,227,268,229,0,0,0
Line,268,229,268,231,0,0,0
Line,268,231,268,233,0,0,0
Line,268,233,268,236,0,0,0
Line,268,236,268,237,0,0,0
Line,268,237,268,238,0,0,0
Line,268,238,268,240,0,0,0
Line,268,240,268,242,0,0,0
Line,268,242,268,244,0,0,0
Line,268,244,268,246,0,0,0
Line,268,246,269,248,0,0,0
Line,269,248,270,250,0,0,0
Line,270,250,271,252,0,0,0
Line,271,252,272,253,0,0,0
Line,272,253,273,255,0,0,0
Line,273,255,275,257,0,0,0
Line,275,257,276,259,0,0,0
Line,276,259,278,262,0,0,0
Line,278,262,279,263,0,0,0
Line,279,263,281,266,0,0,0
Line,281,266,283,268,0,0,0
Line,283,268,285,270,0,0,0
Line,285,270,287,273,0,0,0
Line,287,273,291,276,0,0,0
Line,291,276,294,279,0,0,0
Line,294,279,296,280,0,0,0
Line,296,280,298,281,0,0,0
Line,298,281,300,282,0,0,0
Line,300,282,302,283,0,0,0
Line,302,283,304,284,0,0,0
Line,304,284,306,284,0,0,0
Line,306,284,309,285,0,0,0
Line,309,285,311,285,0,0,0
Line,311,285,314,286,0,0,0
Line,314,286,317,286,0,0,0
Line,317,286,320,286,0,0,0
Line,320,286,324,287,0,0,0
Line,324,287,328,287,0,0,0
Line,328,287,331,287,0,0,0
Line,331,287,334,287,0,0,0
Line,334,287,338,287,0,0,0
Line,338,287,341,287,0,0,0
Line,341,287,344,287,0,0,0
Line,344,287,347,287,0,0,0
Line,347,287,350,287,0,0,0
Line,350,287,353,286,0,0,0
Line,353,286,355,285,0,0,0
Line,355,285,358,284,0,0,0
Line,358,284,361,282,0,0,0
Line,361,282,364,280,0,0,0
Line,364,280,369,277,0,0,0
Line,369,277,372,275,0,0,0
Line,372,275,374,273,0,0,0
Line,374,273,375,272,0,0,0
Line,375,272,376,272,0,0,0
Line,376,272,377,271,0,0,0
Line,377,271,379,269,0,0,0
Line,379,269,380,268,0,0,0
Line,380,268,381,266,0,0,0
Line,381,266,382,265,0,0,0
Line,382,265,382,264,0,0,0
Line,382,264,383,263,0,0,0
Line,383,263,384,262,0,0,0
Line,384,262,385,260,0,0,0
Line,385,260,385,258,0,0,0
Line,385,258,386,256,0,0,0
Line,386,256,386,254,0,0,0
Line,386,254,386,253,0,0,0
Line,386,253,386,251,0,0,0
Line,386,251,386,249,0,0,0
Line,386,249,386,248,0,0,0
Line,386,248,385,246,0,0,0
Line,385,246,384,244,0,0,0
Line,384,244,382,243,0,0,0
Line,382,243,380,240,0,0,0
Line,380,240,379,239,0,0,0
Line,379,239,376,238,0,0,0
Line,376,238,373,236,0,0,0
Line,373,236,371,235,0,0,0
Line,371,235,369,234,0,0,0
Line,369,234,368,234,0,0,0
Line,368,234,366,233,0,0,0
Line,366,233,365,233,0,0,0
Line,365,233,364,233,0,0,0
Line,364,233,363,233,0,0,0
Line,363,233,362,233,0,0,0
Line,362,233,361,233,0,0,0
Circle,35,12,152,92,0,0,0
Circle,531,28,592,70,0,0,0
Circle,49,349,151,394,0,0,0
Circle,516,371,596,406,0,0,0
Line,132,339,469,130,0,0,0
Triangle,390,34,215,108,0,0,0
Triangle,390,34,215,108,0,0,0
Triangle,47,240,149,327,0,0,0
Line,362,233,361,233,0,0,0
Rectangle,246,153,398,266,255,51,51
Rectangle,246,153,398,266,255,51,51
Rectangle,246,153,398,266,255,51,51
Rectangle,246,153,398,266,255,51,51
Rectangle,377,185,292,241,51,255,51
Rectangle,377,185,292,241,51,255,51
Text,163,365,51,255,51,:),123.123/.123
